trial_id,run_id,ObjectSpace,condition,image_file,iti,sampled_f0,sampled_f1,event_type,fix_dur,fix_kind,trial_duration_max,img_onset,img_dur,isi1_dur,isi1_type,dec_onset_est,max_dec_dur,isi2_dur,isi2_type,fb_dur
0,1,,Fixation,,1.3505135774612427,,,fixation,10.0,run_start,2.6537864208221436,0.0,0.0,1.299489140510559,hidden,1.299489140510559,0.0,1.3542972803115845,fixation,0.0
1,1,20.0,Medium,20_0.633_0.755.png,1.3526911735534668,0.635,0.752,,,,7.013860881328583,4.004300117492676,1.0,0.8681108355522156,hidden,5.872410774230957,3.0,1.1457500457763672,fixation,1.0
2,1,3.0,Incongruent,3_0.408_0.429.png,1.3835369348526,0.414,0.435,,,,7.640170097351074,12.37085247039795,1.0,1.3970458507537842,hidden,14.767897605895996,3.0,1.24312424659729,fixation,1.0
3,1,2.0,Incongruent,2_0.939_0.061.png,1.3568472862243652,0.936,0.065,,,,7.04786080121994,21.394559860229492,1.0,1.1296058893203735,hidden,23.5241641998291,3.0,0.9182549118995667,fixation,1.0
4,1,1.0,Medium,1_0.673_0.327.png,1.3403754234313965,0.665,0.336,,,,7.5390660762786865,29.799266815185547,1.0,1.2943907976150513,hidden,32.093658447265625,3.0,1.2446752786636353,fixation,1.0
5,1,9.0,Medium,9_0.204_0.000.png,1.2705718278884888,0.214,0.0,,,,7.696179747581482,38.678707122802734,1.0,1.352638840675354,hidden,41.031349182128906,3.0,1.343540906906128,fixation,1.0
6,1,20.0,Medium,20_1.000_0.837.png,1.4199529886245728,1.0,0.834,,,,7.25431501865387,47.64546203613281,1.0,1.1572057008743286,hidden,49.80266571044922,3.0,1.097109317779541,fixation,1.0
7,1,3.0,Incongruent,3_0.449_0.388.png,1.446165919303894,0.457,0.389,,,,7.080425441265106,56.31972885131836,1.0,0.7776818871498108,hidden,58.097408294677734,3.0,1.3027435541152954,fixation,1.0
8,1,2.0,Incongruent,2_0.612_0.204.png,1.2413537502288818,0.613,0.206,,,,7.131194114685059,64.84632110595703,1.0,1.3379535675048828,hidden,67.18427276611328,3.0,0.7932405471801758,fixation,1.0
9,1,11.0,Congruent,11_0.327_0.980.png,1.3403356075286865,0.322,0.979,,,,6.770282864570618,73.21886444091797,1.0,0.7879799008369446,hidden,75.00685119628906,3.0,0.9823029637336731,fixation,1.0
10,1,22.0,Congruent,13b_0.755_0.673.png,1.234268307685852,0.751,0.683,,,,6.62968385219574,81.32948303222656,1.0,0.8528605699539185,hidden,83.1823501586914,3.0,0.7768232822418213,fixation,1.0
11,1,1.0,Medium,1_0.939_0.347.png,1.2808412313461304,0.944,0.345,,,,7.663657784461975,89.19343566894531,1.0,1.3047369718551636,hidden,91.49817657470703,3.0,1.3589208126068115,fixation,1.0
12,1,18.0,Incongruent,18_0.347_0.041.png,1.4129770994186401,0.34,0.045,,,,7.117403447628021,98.137939453125,1.0,1.2891310453414917,hidden,100.42707061767578,3.0,0.8282724022865295,fixation,1.0
13,1,22.0,Congruent,13b_0.694_0.612.png,1.2623006105422974,0.689,0.604,,,,7.004149079322815,106.66831970214844,1.0,0.8395653963088989,hidden,108.50788116455078,3.0,1.164583683013916,fixation,1.0
14,1,8.0,Congruent,8_0.878_0.939.png,1.4921989440917969,0.887,0.948,,,,6.712142169475555,114.93476867675781,1.0,0.7604389786720276,hidden,116.69520568847656,3.0,0.9517031908035278,fixation,1.0
15,1,1.0,Medium,1_0.714_0.551.png,1.4632196426391602,0.717,0.552,,,,6.631619811058044,123.13910675048828,1.0,0.8641291856765747,hidden,125.00323486328125,3.0,0.7674906253814697,fixation,1.0
16,1,3.0,Incongruent,3_0.408_0.245.png,1.3718750476837158,0.415,0.25,,,,7.406422019004822,131.23394775390625,1.0,1.0120439529418945,hidden,133.24598693847656,3.0,1.3943780660629272,fixation,1.0
17,1,18.0,Incongruent,18_0.224_0.551.png,1.2700728178024292,0.218,0.554,,,,7.0014156103134155,140.01223754882812,1.0,0.8231149911880493,hidden,141.83535766601562,3.0,1.1783006191253662,fixation,1.0
18,1,11.0,Congruent,11_0.612_0.755.png,1.344197392463684,0.615,0.751,,,,6.889557301998138,148.2837371826172,1.0,1.021246314048767,hidden,150.3049774169922,3.0,0.8683109879493713,fixation,1.0
19,1,9.0,Medium,9_0.408_0.204.png,1.4608397483825684,0.405,0.202,,,,7.527676820755005,156.51748657226562,1.0,1.383314609527588,hidden,158.9008026123047,3.0,1.144362211227417,fixation,1.0
20,1,8.0,Congruent,8_0.796_0.367.png,1.3314247131347656,0.79,0.362,,,,7.071771025657654,165.50601196289062,1.0,1.0306421518325806,hidden,167.53665161132812,3.0,1.0411288738250732,fixation,1.0
21,1,18.0,Incongruent,18_0.367_0.612.png,1.2250169515609741,0.367,0.622,,,,7.368454337120056,173.90919494628906,1.0,1.3822799921035767,hidden,176.29147338867188,3.0,0.9861743450164795,fixation,1.0
22,1,9.0,Medium,9_0.184_0.837.png,1.382753610610962,0.175,0.84,,,,7.111267924308777,182.50267028808594,1.0,1.189918875694275,hidden,184.69259643554688,3.0,0.921349048614502,fixation,1.0
23,1,22.0,Congruent,13b_1.000_0.714.png,1.2584329843521118,1.0,0.706,,,,7.392122030258179,190.99668884277344,1.0,1.0867809057235718,hidden,193.08348083496094,3.0,1.305341124534607,fixation,1.0
24,1,8.0,Congruent,8_1.000_0.755.png,1.238142490386963,1.0,0.756,,,,6.947625756263733,199.64724731445312,1.0,0.8574843406677246,hidden,201.50473022460938,3.0,1.0901414155960083,fixation,1.0
25,1,20.0,Medium,20_0.694_0.673.png,1.3421649932861328,0.686,0.671,,,,6.572895526885986,207.83302307128906,1.0,0.7858675122261047,hidden,209.61888122558594,3.0,0.7870280146598816,fixation,1.0
26,1,11.0,Congruent,11_0.041_0.429.png,1.2225373983383179,0.041,0.434,,,,7.412727475166321,215.74807739257812,1.0,1.1156985759735107,hidden,217.86376953125,3.0,1.29702889919281,fixation,1.0
27,1,2.0,Incongruent,2_0.837_0.347.png,1.4793282747268677,0.843,0.354,,,,7.075744152069092,224.3833465576172,1.0,1.2201844453811646,hidden,226.60353088378906,3.0,0.8555597066879272,fixation,1.0
28,1,,Fixation,,1.4567674398422241,,,fixation,5.0,run_end,2.212371826171875,232.93841552734375,0.0,1.1650323867797852,hidden,234.1034393310547,0.0,1.0473394393920898,fixation,0.0
29,2,,Fixation,,1.3813897371292114,,,fixation,10.0,run_start,2.668861508369446,0.0,0.0,1.3900043964385986,hidden,1.3900043964385986,0.0,1.2788571119308472,fixation,0.0
30,2,8.0,Congruent,8_0.286_0.571.png,1.4900429248809814,0.279,0.568,,,,7.537370443344116,4.050251007080078,1.0,1.3092975616455078,hidden,6.359548568725586,3.0,1.2280728816986084,fixation,1.0
31,2,9.0,Medium,9_0.224_0.265.png,1.4229393005371094,0.216,0.259,,,,7.085562765598297,13.077664375305176,1.0,1.32003915309906,hidden,15.397704124450684,3.0,0.7655236124992371,fixation,1.0
32,2,2.0,Incongruent,2_0.959_0.551.png,1.44303297996521,0.957,0.551,,,,6.944210350513458,21.586166381835938,1.0,0.9934488534927368,hidden,23.579614639282227,3.0,0.9507614970207214,fixation,1.0
33,2,18.0,Incongruent,18_0.204_0.469.png,1.4281847476959229,0.211,0.467,,,,7.297147989273071,29.97340965270996,1.0,0.9179633855819702,hidden,31.891372680664062,3.0,1.379184603691101,fixation,1.0
34,2,22.0,Congruent,13b_0.490_0.449.png,1.3019194602966309,0.498,0.452,,,,7.138264298439026,38.6987419128418,1.0,1.3116611242294312,hidden,41.01040267944336,3.0,0.8266031742095947,fixation,1.0
35,2,11.0,Congruent,11_0.122_1.000.png,1.4061620235443115,0.125,1.0,,,,7.500795960426331,47.1389274597168,1.0,1.2153981924057007,hidden,49.35432434082031,3.0,1.2853977680206299,fixation,1.0
36,2,20.0,Medium,20_0.633_0.612.png,1.349233865737915,0.642,0.603,,,,6.852830708026886,56.04588317871094,1.0,1.0413731336593628,hidden,58.087257385253906,3.0,0.8114575743675232,fixation,1.0
37,2,11.0,Congruent,11_0.224_0.878.png,1.3977056741714478,0.224,0.87,,,,6.734274744987488,64.2479476928711,1.0,0.8816407918930054,hidden,66.12959289550781,3.0,0.8526339530944824,fixation,1.0
38,2,22.0,Congruent,13b_0.714_0.776.png,1.2240266799926758,0.719,0.775,,,,7.249533772468567,72.37992858886719,1.0,0.9586784839630127,hidden,74.33860778808594,3.0,1.2908552885055542,fixation,1.0
39,2,1.0,Medium,1_0.694_0.592.png,1.3283960819244385,0.687,0.59,,,,6.9422527551651,80.8534927368164,1.0,0.7969295978546143,hidden,82.65042114257812,3.0,1.1453231573104858,fixation,1.0
40,2,9.0,Medium,9_0.245_0.429.png,1.2160755395889282,0.235,0.422,,,,7.1569631695747375,89.12413787841797,1.0,0.8937987685203552,hidden,91.01793670654297,3.0,1.2631644010543823,fixation,1.0
41,2,8.0,Congruent,8_0.980_0.959.png,1.3155757188796997,0.984,0.961,,,,7.193207621574402,97.49717712402344,1.0,1.4016979932785034,hidden,99.89887237548828,3.0,0.7915096282958984,fixation,1.0
42,2,18.0,Incongruent,18_0.082_0.388.png,1.2815353870391846,0.073,0.395,,,,7.491433620452881,106.0059585571289,1.0,1.3691233396530151,hidden,108.37508392333984,3.0,1.1223102807998657,fixation,1.0
43,2,1.0,Medium,1_0.592_0.367.png,1.239536166191101,0.586,0.369,,,,6.783385813236237,114.7789306640625,1.0,1.0222703218460083,hidden,116.80120086669922,3.0,0.7611154913902283,fixation,1.0
44,2,3.0,Incongruent,3_0.633_0.367.png,1.3526052236557007,0.63,0.367,,,,6.791643679141998,122.80184936523438,1.0,0.76201993227005,hidden,124.56387329101562,3.0,1.0296237468719482,fixation,1.0
45,2,1.0,Medium,1_0.837_0.408.png,1.3045449256896973,0.844,0.418,,,,6.922091126441956,130.94610595703125,1.0,0.9564822316169739,hidden,132.902587890625,3.0,0.9656088948249817,fixation,1.0
46,2,3.0,Incongruent,3_0.000_0.000.png,1.2962230443954468,0.0,0.0,,,,7.244124889373779,139.1727294921875,1.0,0.9266173839569092,hidden,141.09934997558594,3.0,1.3175075054168701,fixation,1.0
47,2,22.0,Congruent,13b_0.816_0.959.png,1.2317476272583008,0.807,0.968,,,,7.202517569065094,147.7130889892578,1.0,0.9855024218559265,hidden,149.69859313964844,3.0,1.2170151472091675,fixation,1.0
48,2,2.0,Incongruent,2_0.510_0.102.png,1.308578610420227,0.515,0.093,,,,6.805380165576935,156.14735412597656,1.0,0.9822635054588318,hidden,158.12960815429688,3.0,0.823116660118103,fixation,1.0
49,2,18.0,Incongruent,18_0.102_0.000.png,1.3046690225601196,0.107,0.0,,,,7.620263338088989,164.2613067626953,1.0,1.3051955699920654,hidden,166.56649780273438,3.0,1.3150677680969238,fixation,1.0
50,2,2.0,Incongruent,2_1.000_0.510.png,1.2544187307357788,1.0,0.504,,,,6.811434268951416,173.1862335205078,1.0,1.0188994407653809,hidden,175.20513916015625,3.0,0.7925348281860352,fixation,1.0
51,2,3.0,Incongruent,3_0.469_0.347.png,1.2962538003921509,0.473,0.35,,,,7.378577470779419,181.25209045410156,1.0,1.0292872190475464,hidden,183.28138732910156,3.0,1.3492902517318726,fixation,1.0
52,2,20.0,Medium,20_0.796_0.673.png,1.2478666305541992,0.789,0.677,,,,7.468482851982117,189.9269256591797,1.0,1.3662201166152954,hidden,192.29315185546875,3.0,1.1022627353668213,fixation,1.0
53,2,8.0,Congruent,8_0.878_0.612.png,1.3912079334259033,0.881,0.617,,,,7.353910326957703,198.64328002929688,1.0,1.3166974782943726,hidden,200.95997619628906,3.0,1.03721284866333,fixation,1.0
54,2,11.0,Congruent,11_0.224_0.837.png,1.248300313949585,0.223,0.842,,,,7.145374536514282,207.38839721679688,1.0,0.7611402273178101,hidden,209.1495361328125,3.0,1.3842343091964722,fixation,1.0
55,2,9.0,Medium,9_0.776_0.367.png,1.256895661354065,0.785,0.374,,,,6.932142078876495,215.78207397460938,1.0,0.9028629660606384,hidden,217.6849365234375,3.0,1.029279112815857,fixation,1.0
56,2,20.0,Medium,20_0.449_0.694.png,1.4489763975143433,0.445,0.703,,,,7.394691824913025,223.97109985351562,1.0,1.0947396755218506,hidden,226.0658416748047,3.0,1.2999521493911743,fixation,1.0
57,2,,Fixation,,1.297165036201477,,,fixation,5.0,run_end,2.5301926136016846,232.8147735595703,0.0,1.396409511566162,hidden,234.211181640625,0.0,1.1337831020355225,fixation,0.0
58,3,,Fixation,,1.4802292585372925,,,fixation,10.0,run_start,1.838724434375763,0.0,0.0,1.0546154975891113,hidden,1.0546154975891113,0.0,0.7841089367866516,fixation,0.0
59,3,11.0,Congruent,11_0.469_0.857.png,1.3886430263519287,0.477,0.853,,,,7.067930459976196,3.3189537525177,1.0,1.3507801294326782,hidden,5.669734001159668,2.5,1.217150330543518,fixation,1.0
60,3,2.0,Incongruent,2_0.816_0.245.png,1.4186042547225952,0.825,0.24,,,,6.58442747592926,11.775527000427246,1.0,1.0284404754638672,hidden,13.803967475891113,2.5,1.055987000465393,fixation,1.0
61,3,20.0,Medium,20_0.449_0.796.png,1.41311776638031,0.451,0.792,,,,7.087023854255676,19.7785587310791,1.0,1.3957890272140503,hidden,22.174348831176758,2.5,1.191234827041626,fixation,1.0
62,3,8.0,Congruent,8_0.918_0.653.png,1.4027018547058105,0.924,0.65,,,,6.645498335361481,28.27869987487793,1.0,1.1798509359359741,hidden,30.45855140686035,2.5,0.9656473994255066,fixation,1.0
63,3,9.0,Medium,9_0.163_0.510.png,1.3227460384368896,0.153,0.508,,,,6.495059072971344,36.326900482177734,1.0,0.7998231053352356,hidden,38.12672424316406,2.5,1.1952359676361084,fixation,1.0
64,3,18.0,Incongruent,18_0.449_0.204.png,1.4534697532653809,0.456,0.199,,,,6.93340528011322,44.14470672607422,1.0,1.1739166975021362,hidden,46.31862258911133,2.5,1.259488582611084,fixation,1.0
65,3,3.0,Incongruent,3_0.102_0.265.png,1.3337575197219849,0.095,0.256,,,,6.697084546089172,52.53158187866211,1.0,0.815191388130188,hidden,54.346771240234375,2.5,1.3818931579589844,fixation,1.0
66,3,18.0,Incongruent,18_0.653_0.000.png,1.4370840787887573,0.655,0.0,,,,6.220711946487427,60.56242370605469,1.0,0.9373732209205627,hidden,62.49979782104492,2.5,0.783338725566864,fixation,1.0
67,3,22.0,Congruent,13b_0.612_0.388.png,1.3367717266082764,0.619,0.396,,,,7.046890735626221,68.22022247314453,1.0,1.3629924058914185,hidden,70.58321380615234,2.5,1.1838983297348022,fixation,1.0
68,3,9.0,Medium,9_0.163_0.469.png,1.4083659648895264,0.165,0.472,,,,7.138421297073364,76.6038818359375,1.0,1.251188039779663,hidden,78.85507202148438,2.5,1.3872332572937012,fixation,1.0
69,3,8.0,Congruent,8_0.510_0.980.png,1.3883204460144043,0.507,0.979,,,,6.366055071353912,85.15066528320312,1.0,1.0234639644622803,hidden,87.17413330078125,2.5,0.8425911068916321,fixation,1.0
70,3,20.0,Medium,20_0.898_0.755.png,1.3586121797561646,0.904,0.764,,,,6.367242097854614,92.90504455566406,1.0,1.0874561071395874,hidden,94.99250030517578,2.5,0.7797859907150269,fixation,1.0
71,3,2.0,Incongruent,2_0.653_0.531.png,1.3649111986160278,0.645,0.537,,,,6.466958820819855,100.63089752197266,1.0,1.1071407794952393,hidden,102.738037109375,2.5,0.8598180413246155,fixation,1.0
72,3,8.0,Congruent,8_0.918_0.286.png,1.253567099571228,0.918,0.285,,,,6.533354997634888,108.4627685546875,1.0,1.0418882369995117,hidden,110.50465393066406,2.5,0.991466760635376,fixation,1.0
73,3,22.0,Congruent,13b_0.490_0.796.png,1.4258469343185425,0.498,0.789,,,,6.9466681480407715,116.24968719482422,1.0,1.1394721269607544,hidden,118.38916015625,2.5,1.307196021080017,fixation,1.0
74,3,2.0,Incongruent,2_0.898_0.000.png,1.3254085779190063,0.897,0.008,,,,6.745191037654877,124.62220764160156,1.0,1.258131504058838,hidden,126.88034057617188,2.5,0.9870595335960388,fixation,1.0
75,3,11.0,Congruent,11_0.673_0.469.png,1.3831243515014648,0.671,0.479,,,,6.48255318403244,132.69281005859375,1.0,1.1492732763290405,hidden,134.84207153320312,2.5,0.8332799077033997,fixation,1.0
76,3,1.0,Medium,1_0.694_0.510.png,1.4799020290374756,0.698,0.513,,,,6.5705665946006775,140.55848693847656,1.0,1.1589972972869873,hidden,142.7174835205078,2.5,0.9115692973136902,fixation,1.0
77,3,3.0,Incongruent,3_0.490_0.224.png,1.380918025970459,0.493,0.228,,,,6.80037534236908,148.60894775390625,1.0,1.051566243171692,hidden,150.6605224609375,2.5,1.2488090991973877,fixation,1.0
78,3,22.0,Congruent,13b_0.857_0.367.png,1.478529453277588,0.853,0.36,,,,6.9198232889175415,156.7902374267578,1.0,1.020369291305542,hidden,158.81060791015625,2.5,1.3994539976119995,fixation,1.0
79,3,1.0,Medium,1_0.490_0.224.png,1.4423633813858032,0.491,0.22,,,,6.829697489738464,165.1885986328125,1.0,1.2223728895187378,hidden,167.4109649658203,2.5,1.1073246002197266,fixation,1.0
80,3,20.0,Medium,20_0.959_0.388.png,1.2268528938293457,0.959,0.393,,,,6.873057425022125,173.46066284179688,1.0,0.9985920786857605,hidden,175.45924377441406,2.5,1.3744653463363647,fixation,1.0
81,3,18.0,Incongruent,18_0.265_0.163.png,1.3653826713562012,0.272,0.169,,,,6.992441415786743,181.56056213378906,1.0,1.263326644897461,hidden,183.8238983154297,2.5,1.2291147708892822,fixation,1.0
82,3,11.0,Congruent,11_0.449_0.531.png,1.388710856437683,0.457,0.533,,,,6.16987019777298,189.91839599609375,1.0,0.7504565119743347,hidden,191.66885375976562,2.5,0.919413685798645,fixation,1.0
83,3,9.0,Medium,9_0.408_0.347.png,1.4476498365402222,0.404,0.344,,,,6.753558874130249,197.4769744873047,1.0,0.9026095867156982,hidden,199.37957763671875,2.5,1.3509492874145508,fixation,1.0
84,3,3.0,Incongruent,3_0.245_0.082.png,1.4044097661972046,0.251,0.085,,,,6.77004611492157,205.6781768798828,1.0,1.3277229070663452,hidden,208.0059051513672,2.5,0.9423232078552246,fixation,1.0
85,3,1.0,Medium,1_0.959_0.367.png,1.3060269355773926,0.951,0.358,,,,6.812592267990112,213.85264587402344,1.0,1.372739315032959,hidden,216.22537231445312,2.5,0.9398529529571533,fixation,1.0
86,3,,Fixation,,1.290278673171997,,,fixation,5.0,run_end,2.2131388187408447,221.97125244140625,0.0,1.3460475206375122,hidden,223.3173065185547,0.0,0.8670912981033325,fixation,0.0
87,4,,Fixation,,1.3421270847320557,,,fixation,10.0,run_start,2.383280873298645,0.0,0.0,1.1216564178466797,hidden,1.1216564178466797,0.0,1.2616244554519653,fixation,0.0
88,4,22.0,Congruent,13b_0.694_0.592.png,1.3268568515777588,0.695,0.587,,,,6.442244172096252,3.7254080772399902,1.0,1.1316251754760742,hidden,5.8570332527160645,2.5,0.8106189966201782,fixation,1.0
89,4,11.0,Congruent,11_0.000_0.735.png,1.2546582221984863,0.0,0.725,,,,6.349693417549133,11.494508743286133,1.0,1.0843970775604248,hidden,13.578906059265137,2.5,0.7652963399887085,fixation,1.0
90,4,18.0,Incongruent,18_0.102_0.367.png,1.2228097915649414,0.095,0.374,,,,6.935824513435364,19.098859786987305,1.0,1.2184725999832153,hidden,21.317333221435547,2.5,1.2173519134521484,fixation,1.0
91,4,1.0,Medium,1_0.306_0.020.png,1.3041502237319946,0.307,0.026,,,,6.648230969905853,27.257495880126953,1.0,0.8471259474754333,hidden,29.1046199798584,2.5,1.30110502243042,fixation,1.0
92,4,8.0,Congruent,8_0.265_0.898.png,1.3684736490249634,0.272,0.902,,,,6.6126788854599,35.209877014160156,1.0,0.8111436367034912,hidden,37.021018981933594,2.5,1.3015352487564087,fixation,1.0
93,4,9.0,Medium,9_0.000_0.429.png,1.360007643699646,0.006,0.424,,,,6.707938015460968,43.1910285949707,1.0,0.9668075442314148,hidden,45.1578369140625,2.5,1.2411304712295532,fixation,1.0
94,4,22.0,Congruent,13b_0.918_0.755.png,1.4454364776611328,0.927,0.754,,,,6.292055368423462,51.258975982666016,1.0,1.022655725479126,hidden,53.28163146972656,2.5,0.7693996429443359,fixation,1.0
95,4,11.0,Congruent,11_0.571_0.286.png,1.2236475944519043,0.578,0.279,,,,6.851873993873596,58.99646759033203,1.0,1.0299501419067383,hidden,61.02641677856445,2.5,1.321923851966858,fixation,1.0
96,4,22.0,Congruent,13b_0.816_0.551.png,1.374444842338562,0.816,0.546,,,,6.474370121955872,67.07199096679688,1.0,0.8653872013092041,hidden,68.9373779296875,2.5,1.1089829206466675,fixation,1.0
97,4,1.0,Medium,1_0.490_0.082.png,1.4224497079849243,0.495,0.083,,,,6.983091115951538,74.9207992553711,1.0,1.3402605056762695,hidden,77.26106262207031,2.5,1.1428306102752686,fixation,1.0
98,4,11.0,Congruent,11_0.286_1.000.png,1.2837986946105957,0.285,1.0,,,,7.199403762817383,83.32633972167969,1.0,1.308234453201294,hidden,85.63457489013672,2.5,1.3911693096160889,fixation,1.0
99,4,9.0,Medium,9_0.265_0.408.png,1.282180666923523,0.261,0.407,,,,6.691381871700287,91.8095474243164,1.0,1.3242018222808838,hidden,94.13375091552734,2.5,0.8671800494194031,fixation,1.0
100,4,2.0,Incongruent,2_0.714_0.469.png,1.282943606376648,0.722,0.473,,,,6.504418075084686,99.78311157226562,1.0,1.1718988418579102,hidden,101.95500946044922,2.5,0.8325192332267761,fixation,1.0
101,4,3.0,Incongruent,3_0.286_0.367.png,1.4905222654342651,0.287,0.36,,,,6.487525045871735,107.57047271728516,1.0,0.7779975533485413,hidden,109.34846496582031,2.5,1.2095274925231934,fixation,1.0
102,4,20.0,Medium,20_0.796_0.612.png,1.2926151752471924,0.792,0.608,,,,6.081803381443024,115.54851531982422,1.0,0.8140650987625122,hidden,117.36257934570312,2.5,0.7677382826805115,fixation,1.0
103,4,2.0,Incongruent,2_0.612_0.000.png,1.2249690294265747,0.603,0.0,,,,6.5989338755607605,122.92293548583984,1.0,0.9072728753089905,hidden,124.83020782470703,2.5,1.19166100025177,fixation,1.0
104,4,20.0,Medium,20_0.694_0.857.png,1.3115183115005493,0.692,0.856,,,,6.694896817207336,130.74684143066406,1.0,1.0336703062057495,hidden,132.78050231933594,2.5,1.161226511001587,fixation,1.0
105,4,8.0,Congruent,8_0.878_0.633.png,1.3829221725463867,0.868,0.632,,,,6.920218348503113,138.7532501220703,1.0,1.3202927112579346,hidden,141.07354736328125,2.5,1.0999256372451782,fixation,1.0
106,4,3.0,Incongruent,3_0.306_0.510.png,1.3897396326065063,0.311,0.517,,,,6.680137038230896,147.056396484375,1.0,1.0709753036499023,hidden,149.1273651123047,2.5,1.1091617345809937,fixation,1.0
107,4,18.0,Incongruent,18_0.653_0.490.png,1.3583234548568726,0.654,0.498,,,,6.691879212856293,155.1262664794922,1.0,0.9746543765068054,hidden,157.10092163085938,2.5,1.2172248363494873,fixation,1.0
108,4,20.0,Medium,20_0.796_0.898.png,1.2260361909866333,0.79,0.898,,,,6.717361629009247,163.1764678955078,1.0,1.3743500709533691,hidden,165.5508270263672,2.5,0.8430115580558777,fixation,1.0
109,4,9.0,Medium,9_0.082_0.163.png,1.37559175491333,0.079,0.167,,,,6.911843538284302,171.119873046875,1.0,1.3828753232955933,hidden,173.50274658203125,2.5,1.0289682149887085,fixation,1.0
110,4,18.0,Incongruent,18_0.286_0.449.png,1.2343859672546387,0.278,0.444,,,,6.226653635501862,179.4073028564453,1.0,0.8855316042900085,hidden,181.29283142089844,2.5,0.841122031211853,fixation,1.0
111,4,1.0,Medium,1_0.776_0.408.png,1.2846145629882812,0.777,0.414,,,,6.114011466503143,186.86834716796875,1.0,0.8187295198440552,hidden,188.68707275390625,2.5,0.7952819466590881,fixation,1.0
112,4,3.0,Incongruent,3_0.449_0.102.png,1.4940211772918701,0.451,0.109,,,,6.064206182956696,194.2669677734375,1.0,0.7678655982017517,hidden,196.0348358154297,2.5,0.7963405847549438,fixation,1.0
113,4,8.0,Congruent,8_0.714_0.735.png,1.4150339365005493,0.719,0.743,,,,6.65470278263092,201.8251953125,1.0,0.8435895442962646,hidden,203.66879272460938,2.5,1.3111132383346558,fixation,1.0
114,4,2.0,Incongruent,2_0.755_0.143.png,1.4477826356887817,0.753,0.149,,,,7.03959858417511,209.8949432373047,1.0,1.2492908239364624,hidden,212.14422607421875,2.5,1.2903077602386475,fixation,1.0
115,4,,Fixation,,1.3967288732528687,,,fixation,5.0,run_end,2.489579200744629,218.38232421875,0.0,1.1512128114700317,hidden,219.5335235595703,0.0,1.3383663892745972,fixation,0.0
116,5,,Fixation,,1.4174330234527588,,,fixation,10.0,run_start,2.4782341718673706,0.0,0.0,1.260719895362854,hidden,1.260719895362854,0.0,1.2175142765045166,fixation,0.0
117,5,1.0,Medium,1_0.571_0.408.png,1.3160138130187988,0.562,0.399,,,,6.324700355529785,3.89566707611084,1.0,1.0377565622329712,hidden,5.93342399597168,2.0,1.286943793296814,fixation,1.0
118,5,11.0,Congruent,11_0.000_0.612.png,1.3506828546524048,0.0,0.622,,,,6.478478908538818,11.536381721496582,1.0,1.171054482460022,hidden,13.707435607910156,2.0,1.3074244260787964,fixation,1.0
119,5,3.0,Incongruent,3_0.347_0.592.png,1.2746671438217163,0.351,0.583,,,,6.509230017662048,19.365543365478516,1.0,1.21261727809906,hidden,21.578161239624023,2.0,1.2966127395629883,fixation,1.0
120,5,2.0,Incongruent,2_0.592_0.184.png,1.4305225610733032,0.587,0.179,,,,5.67528635263443,27.14944076538086,1.0,0.9174666404724121,hidden,29.066905975341797,2.0,0.7578197121620178,fixation,1.0
121,5,9.0,Medium,9_0.000_0.082.png,1.3720581531524658,0.0,0.087,,,,5.730665028095245,34.2552490234375,1.0,0.7597395777702332,hidden,36.01498794555664,2.0,0.9709254503250122,fixation,1.0
122,5,3.0,Incongruent,3_0.204_0.367.png,1.2678276300430298,0.209,0.357,,,,6.211924254894257,41.35797119140625,1.0,0.9158667922019958,hidden,43.27383804321289,2.0,1.2960574626922607,fixation,1.0
123,5,1.0,Medium,1_0.735_0.449.png,1.4006471633911133,0.727,0.445,,,,6.044113278388977,48.83772277832031,1.0,0.7987064123153687,hidden,50.63642883300781,2.0,1.2454068660736084,fixation,1.0
124,5,18.0,Incongruent,18_0.571_0.286.png,1.4440677165985107,0.571,0.287,,,,6.2810200452804565,56.28248596191406,1.0,1.4022988080978394,hidden,58.684783935546875,2.0,0.8787212371826172,fixation,1.0
125,5,11.0,Congruent,11_0.143_0.776.png,1.399685025215149,0.152,0.775,,,,6.34244430065155,64.00757598876953,1.0,0.9763922691345215,hidden,65.98396301269531,2.0,1.3660520315170288,fixation,1.0
126,5,3.0,Incongruent,3_0.551_0.367.png,1.2777831554412842,0.558,0.357,,,,5.819219887256622,71.74970245361328,1.0,1.0144963264465332,hidden,73.76419830322266,2.0,0.8047235608100891,fixation,1.0
127,5,22.0,Congruent,13b_0.653_0.959.png,1.4259591102600098,0.648,0.965,,,,5.7714723944664,78.8467025756836,1.0,0.9095475077629089,hidden,80.75625610351562,2.0,0.8619248867034912,fixation,1.0
128,5,9.0,Medium,9_0.673_0.469.png,1.3927826881408691,0.675,0.461,,,,6.186398208141327,86.04413604736328,1.0,1.2026922702789307,hidden,88.246826171875,2.0,0.9837059378623962,fixation,1.0
129,5,1.0,Medium,1_0.449_0.388.png,1.4620143175125122,0.441,0.379,,,,6.485493540763855,93.6233139038086,1.0,1.3381661176681519,hidden,95.96148681640625,2.0,1.1473274230957031,fixation,1.0
130,5,18.0,Incongruent,18_0.265_0.061.png,1.3897490501403809,0.256,0.067,,,,6.294715523719788,101.5708236694336,1.0,1.2550792694091797,hidden,103.8259048461914,2.0,1.039636254310608,fixation,1.0
131,5,9.0,Medium,9_0.367_0.286.png,1.2360221147537231,0.376,0.281,,,,6.475106716156006,109.25528717041016,1.0,1.3025308847427368,hidden,111.55782318115234,2.0,1.172575831413269,fixation,1.0
132,5,22.0,Congruent,13b_0.612_0.980.png,1.414362907409668,0.603,0.986,,,,6.282373070716858,116.96641540527344,1.0,1.0935859680175781,hidden,119.06000518798828,2.0,1.1887871026992798,fixation,1.0
133,5,11.0,Congruent,11_0.388_0.510.png,1.229217290878296,0.388,0.5,,,,5.8657509088516235,124.66315460205078,1.0,0.8922961354255676,hidden,126.55545043945312,2.0,0.9734547734260559,fixation,1.0
134,5,20.0,Medium,20_0.510_0.551.png,1.4487942457199097,0.518,0.553,,,,6.1613500118255615,131.75811767578125,1.0,1.2256371974945068,hidden,133.9837646484375,2.0,0.9357128143310547,fixation,1.0
135,5,2.0,Incongruent,2_1.000_0.306.png,1.3020983934402466,1.0,0.314,,,,5.796614706516266,139.36827087402344,1.0,0.9883197546005249,hidden,141.35658264160156,2.0,0.808294951915741,fixation,1.0
136,5,8.0,Congruent,8_0.694_1.000.png,1.4919333457946777,0.694,1.0,,,,6.2782487869262695,146.46697998046875,1.0,1.1324292421340942,hidden,148.5994110107422,2.0,1.1458195447921753,fixation,1.0
137,5,20.0,Medium,20_0.347_0.327.png,1.3100382089614868,0.34,0.319,,,,6.4157373905181885,154.23716735839844,1.0,1.1774519681930542,hidden,156.41461181640625,2.0,1.2382854223251343,fixation,1.0
138,5,22.0,Congruent,13b_1.000_0.633.png,1.2138882875442505,1.0,0.623,,,,5.808078765869141,161.9629364013672,1.0,0.7726377248764038,hidden,163.73558044433594,2.0,1.0354410409927368,fixation,1.0
139,5,18.0,Incongruent,18_0.122_0.347.png,1.352196216583252,0.121,0.351,,,,6.265130639076233,168.9849090576172,1.0,1.0136122703552246,hidden,170.99851989746094,2.0,1.2515183687210083,fixation,1.0
140,5,8.0,Congruent,8_0.959_0.857.png,1.404172658920288,0.953,0.862,,,,6.237999677658081,176.60223388671875,1.0,1.049756646156311,hidden,178.65199279785156,2.0,1.18824303150177,fixation,1.0
141,5,2.0,Incongruent,2_0.429_0.531.png,1.3672597408294678,0.435,0.532,,,,6.142160177230835,184.24440002441406,1.0,0.8654356002807617,hidden,186.10983276367188,2.0,1.2767245769500732,fixation,1.0
142,5,8.0,Congruent,8_0.857_0.837.png,1.291569709777832,0.866,0.827,,,,5.964321970939636,191.7538299560547,1.0,0.7834093570709229,hidden,193.5372314453125,2.0,1.1809126138687134,fixation,1.0
143,5,20.0,Medium,20_0.837_0.551.png,1.3608996868133545,0.838,0.546,,,,6.2025116086006165,199.0097198486328,1.0,0.8270249962806702,hidden,200.8367462158203,2.0,1.3754866123199463,fixation,1.0
144,5,,Fixation,,1.2317410707473755,,,fixation,5.0,run_end,2.439693331718445,206.5731201171875,0.0,1.1479092836380005,hidden,207.72103881835938,0.0,1.2917840480804443,fixation,0.0
145,6,,Fixation,,1.4266393184661865,,,fixation,10.0,run_start,1.873180866241455,0.0,0.0,1.0374054908752441,hidden,1.0374054908752441,0.0,0.8357753753662109,fixation,0.0
146,6,18.0,Incongruent,18_0.367_0.327.png,1.3157716989517212,0.362,0.332,,,,5.977017879486084,3.2998201847076416,1.0,0.8571542501449585,hidden,5.1569743156433105,2.0,1.1198636293411255,fixation,1.0
147,6,2.0,Incongruent,2_0.490_0.408.png,1.2532949447631836,0.495,0.417,,,,5.789537668228149,10.592609405517578,1.0,0.8181144595146179,hidden,12.410724639892578,2.0,0.9714232087135315,fixation,1.0
148,6,3.0,Incongruent,3_0.367_0.388.png,1.3543847799301147,0.359,0.393,,,,5.960955262184143,17.63544273376465,1.0,1.0078456401824951,hidden,19.643287658691406,2.0,0.953109622001648,fixation,1.0
149,6,22.0,Congruent,13b_0.878_1.000.png,1.279030203819275,0.884,1.0,,,,6.434288859367371,24.950782775878906,1.0,1.2782907485961914,hidden,27.22907257080078,2.0,1.1559981107711792,fixation,1.0
150,6,2.0,Incongruent,2_0.673_0.429.png,1.417584776878357,0.664,0.437,,,,6.266197025775909,32.664100646972656,1.0,0.9885720610618591,hidden,34.652671813964844,2.0,1.2776249647140503,fixation,1.0
151,6,11.0,Congruent,11_0.306_0.429.png,1.3803186416625977,0.309,0.433,,,,6.134907841682434,40.34788513183594,1.0,1.1006708145141602,hidden,42.44855499267578,2.0,1.034237027168274,fixation,1.0
152,6,8.0,Congruent,8_0.551_0.551.png,1.334782600402832,0.545,0.547,,,,5.828915655612946,47.86310958862305,1.0,0.9552716016769409,hidden,49.818382263183594,2.0,0.8736440539360046,fixation,1.0
153,6,20.0,Medium,20_0.490_0.714.png,1.270538568496704,0.485,0.717,,,,6.0757264494895935,55.02680969238281,1.0,1.1232479810714722,hidden,57.150054931640625,2.0,0.9524784684181213,fixation,1.0
154,6,9.0,Medium,9_0.265_0.184.png,1.434733510017395,0.27,0.176,,,,5.8782848715782166,62.37307357788086,1.0,0.9644269943237305,hidden,64.3375015258789,2.0,0.9138578772544861,fixation,1.0
155,6,1.0,Medium,1_0.592_0.408.png,1.434922218322754,0.583,0.416,,,,6.273877263069153,69.68608856201172,1.0,0.9848666191101074,hidden,71.67095947265625,2.0,1.2890106439590454,fixation,1.0
156,6,11.0,Congruent,11_0.388_0.388.png,1.338661789894104,0.394,0.378,,,,6.048467993736267,77.39488983154297,1.0,0.8301914930343628,hidden,79.22508239746094,2.0,1.2182765007019043,fixation,1.0
157,6,8.0,Congruent,8_1.000_0.959.png,1.4589098691940308,0.993,0.969,,,,6.435327649116516,84.78202056884766,1.0,1.3990386724472046,hidden,87.18106079101562,2.0,1.0362889766693115,fixation,1.0
158,6,20.0,Medium,20_0.837_0.918.png,1.426824927330017,0.846,0.918,,,,6.462449431419373,92.67626190185547,1.0,1.1605608463287354,hidden,94.83682250976562,2.0,1.3018885850906372,fixation,1.0
159,6,22.0,Congruent,13b_0.816_0.694.png,1.4743987321853638,0.813,0.696,,,,5.917764067649841,100.5655288696289,1.0,0.9488810300827026,hidden,102.51441192626953,2.0,0.9688830375671387,fixation,1.0
160,6,11.0,Congruent,11_0.204_0.653.png,1.4771652221679688,0.199,0.651,,,,6.107105791568756,107.95769500732422,1.0,1.2625168561935425,hidden,110.22021484375,2.0,0.8445889353752136,fixation,1.0
161,6,18.0,Incongruent,18_0.449_0.000.png,1.3794652223587036,0.452,0.0,,,,6.491170048713684,115.5419692993164,1.0,1.3555516004562378,hidden,117.89751434326172,2.0,1.1356184482574463,fixation,1.0
162,6,20.0,Medium,20_0.898_0.551.png,1.3243921995162964,0.892,0.544,,,,5.8299930691719055,123.41260528564453,1.0,1.0068507194519043,hidden,125.41944885253906,2.0,0.8231423497200012,fixation,1.0
163,6,22.0,Congruent,13b_0.755_1.000.png,1.4452768564224243,0.745,1.0,,,,6.229730606079102,130.56698608398438,1.0,1.1264504194259644,hidden,132.6934356689453,2.0,1.1032801866531372,fixation,1.0
164,6,3.0,Incongruent,3_0.224_0.347.png,1.479345440864563,0.219,0.339,,,,6.292224168777466,138.2419891357422,1.0,1.3762747049331665,hidden,140.61827087402344,2.0,0.9159494638442993,fixation,1.0
165,6,9.0,Medium,9_0.735_0.327.png,1.3147494792938232,0.729,0.331,,,,6.209985256195068,146.01356506347656,1.0,1.061908483505249,hidden,148.07546997070312,2.0,1.1480767726898193,fixation,1.0
166,6,8.0,Congruent,8_0.571_0.653.png,1.3717113733291626,0.575,0.659,,,,6.16683828830719,153.53829956054688,1.0,0.9030696153640747,hidden,155.44137573242188,2.0,1.2637686729431152,fixation,1.0
167,6,1.0,Medium,1_0.755_0.592.png,1.272814393043518,0.754,0.584,,,,6.4573081731796265,161.07684326171875,1.0,1.3012163639068604,hidden,163.37806701660156,2.0,1.1560918092727661,fixation,1.0
168,6,2.0,Incongruent,2_0.653_0.367.png,1.2564544677734375,0.661,0.371,,,,6.4454026222229,168.80697631835938,1.0,1.1469106674194336,hidden,170.95388793945312,2.0,1.2984919548034668,fixation,1.0
169,6,9.0,Medium,9_0.204_0.286.png,1.272341251373291,0.201,0.283,,,,6.117111504077911,176.5088348388672,1.0,1.2759332656860352,hidden,178.78475952148438,2.0,0.8411782383918762,fixation,1.0
170,6,1.0,Medium,1_0.694_0.531.png,1.4384585618972778,0.697,0.524,,,,6.689638137817383,183.89828491210938,1.0,1.3689271211624146,hidden,186.2672119140625,2.0,1.3207110166549683,fixation,1.0
171,6,18.0,Incongruent,18_0.020_0.592.png,1.3750309944152832,0.022,0.596,,,,5.7567004561424255,192.02638244628906,1.0,0.9710096120834351,hidden,193.9973907470703,2.0,0.7856908440589905,fixation,1.0
172,6,3.0,Incongruent,3_0.163_0.531.png,1.2819079160690308,0.163,0.526,,,,5.9440242648124695,199.15811157226562,1.0,0.8520588278770447,hidden,201.01016235351562,2.0,1.0919654369354248,fixation,1.0
173,6,,Fixation,,1.4662872552871704,,,fixation,5.0,run_end,2.0660834312438965,206.38404846191406,0.0,1.034393072128296,hidden,207.41844177246094,0.0,1.0316903591156006,fixation,0.0
174,7,,Fixation,,1.2725809812545776,,,fixation,10.0,run_start,1.6708455681800842,0.0,0.0,0.7978637218475342,hidden,0.7978637218475342,0.0,0.87298184633255,fixation,0.0
175,7,1.0,Medium,1_0.816_0.469.png,1.4201459884643555,0.811,0.462,,,,6.075696229934692,2.9434266090393066,1.0,1.033992052078247,hidden,4.977418422698975,2.0,1.0417041778564453,fixation,1.0
176,7,8.0,Congruent,8_0.735_0.796.png,1.2538573741912842,0.736,0.794,,,,5.973097443580627,10.439269065856934,1.0,1.1006286144256592,hidden,12.539896965026855,2.0,0.8724688291549683,fixation,1.0
177,7,2.0,Incongruent,2_0.469_0.510.png,1.2841098308563232,0.464,0.509,,,,5.937983155250549,17.666223526000977,1.0,1.1185983419418335,hidden,19.784822463989258,2.0,0.8193848133087158,fixation,1.0
178,7,22.0,Congruent,13b_0.837_0.673.png,1.2136788368225098,0.831,0.677,,,,6.477446556091309,24.888317108154297,1.0,1.2047697305679321,hidden,27.09308624267578,2.0,1.2726768255233765,fixation,1.0
179,7,20.0,Medium,20_0.735_0.653.png,1.3729780912399292,0.729,0.65,,,,6.1169997453689575,32.57944107055664,1.0,1.0066184997558594,hidden,34.5860595703125,2.0,1.1103812456130981,fixation,1.0
180,7,9.0,Medium,9_0.490_0.000.png,1.4208980798721313,0.485,0.0,,,,5.8422462940216064,40.069419860839844,1.0,0.9224395155906677,hidden,41.991859436035156,2.0,0.9198067784309387,fixation,1.0
181,7,1.0,Medium,1_0.551_0.245.png,1.4008510112762451,0.545,0.254,,,,6.013496220111847,47.33256530761719,1.0,1.1177791357040405,hidden,49.45034408569336,2.0,0.8957170844078064,fixation,1.0
182,7,11.0,Congruent,11_0.102_0.469.png,1.4935797452926636,0.095,0.479,,,,6.424116015434265,54.746910095214844,1.0,1.1512064933776855,hidden,56.89811706542969,2.0,1.2729095220565796,fixation,1.0
183,7,18.0,Incongruent,18_0.531_0.388.png,1.4509198665618896,0.538,0.381,,,,6.4219502210617065,62.664608001708984,1.0,1.347198486328125,hidden,65.01180267333984,2.0,1.0747517347335815,fixation,1.0
184,7,20.0,Medium,20_1.000_0.918.png,1.2241219282150269,0.998,0.914,,,,6.115114808082581,70.5374755859375,1.0,1.2935429811477661,hidden,72.83101654052734,2.0,0.8215718269348145,fixation,1.0
185,7,18.0,Incongruent,18_0.612_0.102.png,1.4777826070785522,0.605,0.112,,,,5.911380708217621,77.87671661376953,1.0,1.050573706626892,hidden,79.92728424072266,2.0,0.8608070015907288,fixation,1.0
186,7,22.0,Congruent,13b_0.776_0.551.png,1.4298280477523804,0.779,0.555,,,,6.254451036453247,85.26587677001953,1.0,1.1595197916030884,hidden,87.42539978027344,2.0,1.0949312448501587,fixation,1.0
187,7,2.0,Incongruent,2_0.571_0.449.png,1.3494963645935059,0.578,0.441,,,,6.381469011306763,92.95015716552734,1.0,1.3527917861938477,hidden,95.30294799804688,2.0,1.028677225112915,fixation,1.0
188,7,3.0,Incongruent,3_0.449_0.388.png,1.3829394578933716,0.441,0.386,,,,6.509261846542358,100.68112182617188,1.0,1.3912752866744995,hidden,103.07239532470703,2.0,1.1179865598678589,fixation,1.0
189,7,1.0,Medium,1_1.000_0.265.png,1.4168281555175781,1.0,0.262,,,,6.50419819355011,108.57332611083984,1.0,1.3430851697921753,hidden,110.9164047241211,2.0,1.1611130237579346,fixation,1.0
190,7,20.0,Medium,20_0.837_0.388.png,1.384745478630066,0.834,0.384,,,,5.942169785499573,116.49434661865234,1.0,1.048474669456482,hidden,118.5428237915039,2.0,0.8936951160430908,fixation,1.0
191,7,3.0,Incongruent,3_0.388_0.388.png,1.3112107515335083,0.396,0.382,,,,6.040172100067139,123.8212661743164,1.0,0.781823992729187,hidden,125.60308837890625,2.0,1.2583481073379517,fixation,1.0
192,7,2.0,Incongruent,2_0.510_0.000.png,1.4443469047546387,0.515,0.0,,,,5.8898234367370605,131.1726531982422,1.0,0.77998948097229,hidden,132.95263671875,2.0,1.1098339557647705,fixation,1.0
193,7,8.0,Congruent,8_0.592_0.531.png,1.3054735660552979,0.599,0.527,,,,6.298377513885498,138.50682067871094,1.0,0.8961329460144043,hidden,140.4029541015625,2.0,1.4022445678710938,fixation,1.0
194,7,3.0,Incongruent,3_0.286_0.224.png,1.2337403297424316,0.281,0.216,,,,6.382035613059998,146.1106719970703,1.0,1.0535248517990112,hidden,148.16419982910156,2.0,1.3285107612609863,fixation,1.0
195,7,9.0,Medium,9_0.000_0.469.png,1.2372161149978638,0.0,0.473,,,,6.499525666236877,153.7264404296875,1.0,1.215779185295105,hidden,155.94223022460938,2.0,1.2837464809417725,fixation,1.0
196,7,22.0,Congruent,13b_0.755_1.000.png,1.3492830991744995,0.75,1.0,,,,6.653322219848633,161.4631805419922,1.0,1.321549892425537,hidden,163.78472900390625,2.0,1.3317723274230957,fixation,1.0
197,7,9.0,Medium,9_0.694_0.327.png,1.3665331602096558,0.691,0.329,,,,6.596319556236267,169.46578979492188,1.0,1.2075800895690918,hidden,171.67337036132812,2.0,1.3887394666671753,fixation,1.0
198,7,11.0,Congruent,11_0.388_0.551.png,1.4494274854660034,0.386,0.555,,,,5.723127722740173,177.42864990234375,1.0,0.778992235660553,hidden,179.2076416015625,2.0,0.9441354870796204,fixation,1.0
199,7,8.0,Congruent,8_0.980_0.653.png,1.4463645219802856,0.978,0.643,,,,5.970233738422394,184.6011962890625,1.0,0.9510876536369324,hidden,186.5522918701172,2.0,1.0191460847854614,fixation,1.0
200,7,11.0,Congruent,11_0.245_0.857.png,1.388192057609558,0.255,0.861,,,,6.068472802639008,192.01779174804688,1.0,0.9294613003730774,hidden,193.947265625,2.0,1.1390115022659302,fixation,1.0
201,7,18.0,Incongruent,18_0.551_0.449.png,1.4066733121871948,0.55,0.441,,,,6.062080502510071,199.47445678710938,1.0,1.0647013187408447,hidden,201.53916931152344,2.0,0.9973791837692261,fixation,1.0
202,7,,Fixation,,1.477530598640442,,,fixation,5.0,run_end,2.0522181391716003,206.94322204589844,0.0,1.1659454107284546,hidden,208.10916137695312,0.0,0.8862727284431458,fixation,0.0
203,8,,Fixation,,1.353924036026001,,,fixation,10.0,run_start,1.7116913795471191,0.0,0.0,0.8925110697746277,hidden,0.8925110697746277,0.0,0.8191803097724915,fixation,0.0
204,8,8.0,Congruent,8_0.571_0.531.png,1.265048623085022,0.571,0.529,,,,6.291385650634766,3.06561541557312,1.0,1.2760125398635864,hidden,5.341628074645996,2.0,1.0153731107711792,fixation,1.0
205,8,22.0,Congruent,13b_0.735_0.959.png,1.4271633625030518,0.737,0.958,,,,6.339992523193359,10.622049331665039,1.0,1.339734435081482,hidden,12.961784362792969,2.0,1.0002580881118774,fixation,1.0
206,8,9.0,Medium,9_0.204_0.184.png,1.3977367877960205,0.198,0.179,,,,6.353916049003601,18.389205932617188,1.0,1.2899024486541748,hidden,20.679107666015625,2.0,1.0640136003494263,fixation,1.0
207,8,22.0,Congruent,13b_0.796_0.857.png,1.42060387134552,0.801,0.852,,,,6.369951844215393,26.140857696533203,1.0,1.238846778869629,hidden,28.37970542907715,2.0,1.1311050653457642,fixation,1.0
208,8,11.0,Congruent,11_0.612_0.939.png,1.487046718597412,0.611,0.94,,,,6.601898789405823,33.93141555786133,1.0,1.3178298473358154,hidden,36.249244689941406,2.0,1.2840689420700073,fixation,1.0
209,8,18.0,Incongruent,18_0.163_0.000.png,1.3459954261779785,0.158,0.0,,,,6.430784225463867,42.02035903930664,1.0,1.105652928352356,hidden,44.12601089477539,2.0,1.3251312971115112,fixation,1.0
210,8,3.0,Incongruent,3_0.204_0.163.png,1.4560792446136475,0.208,0.168,,,,6.2117531299591064,49.79713821411133,1.0,0.8649173974990845,hidden,51.66205596923828,2.0,1.346835732460022,fixation,1.0
211,8,2.0,Incongruent,2_0.204_0.449.png,1.484761118888855,0.21,0.458,,,,6.147460579872131,57.46497344970703,1.0,1.1132960319519043,hidden,59.57826614379883,2.0,1.034164547920227,fixation,1.0
212,8,3.0,Incongruent,3_0.000_0.163.png,1.4739198684692383,0.0,0.173,,,,6.534382581710815,65.0971908569336,1.0,1.182317852973938,hidden,67.27951049804688,2.0,1.3520647287368774,fixation,1.0
213,8,22.0,Congruent,13b_0.551_1.000.png,1.2579771280288696,0.544,1.0,,,,5.902327597141266,73.10549926757812,1.0,0.9476045370101929,hidden,75.0531005859375,2.0,0.954723060131073,fixation,1.0
214,8,1.0,Medium,1_0.653_0.224.png,1.4746137857437134,0.661,0.23,,,,6.122856974601746,80.26580047607422,1.0,1.1775456666946411,hidden,82.44334411621094,2.0,0.9453113079071045,fixation,1.0
215,8,9.0,Medium,9_0.306_0.143.png,1.2325676679611206,0.307,0.138,,,,6.1075796484947205,87.86327362060547,1.0,0.8437852263450623,hidden,89.7070541381836,2.0,1.2637944221496582,fixation,1.0
216,8,2.0,Incongruent,2_0.531_0.000.png,1.2597700357437134,0.537,0.0,,,,5.989377200603485,95.20341491699219,1.0,1.0328832864761353,hidden,97.2363052368164,2.0,0.9564939141273499,fixation,1.0
217,8,3.0,Incongruent,3_0.000_0.020.png,1.4215600490570068,0.0,0.021,,,,6.456943154335022,102.45256805419922,1.0,1.1029812097549438,hidden,104.55554962158203,2.0,1.3539619445800781,fixation,1.0
218,8,11.0,Congruent,11_0.306_0.898.png,1.3764498233795166,0.299,0.907,,,,6.437071800231934,110.33106994628906,1.0,1.0980753898620605,hidden,112.42914581298828,2.0,1.338996410369873,fixation,1.0
219,8,20.0,Medium,20_0.429_0.673.png,1.2344871759414673,0.437,0.673,,,,6.15415221452713,118.14459228515625,1.0,1.1806775331497192,hidden,120.32527160644531,2.0,0.9734746813774109,fixation,1.0
220,8,8.0,Congruent,8_0.735_0.878.png,1.4691261053085327,0.732,0.88,,,,5.723609268665314,125.53323364257812,1.0,0.8904843926429749,hidden,127.42371368408203,2.0,0.8331248760223389,fixation,1.0
221,8,18.0,Incongruent,18_0.347_0.531.png,1.315256953239441,0.341,0.526,,,,5.896958112716675,132.72596740722656,1.0,1.1237646341323853,hidden,134.8497314453125,2.0,0.7731934785842896,fixation,1.0
222,8,2.0,Incongruent,2_0.653_0.327.png,1.3205918073654175,0.643,0.33,,,,6.096107721328735,139.9381866455078,1.0,0.9969632625579834,hidden,141.93515014648438,2.0,1.099144458770752,fixation,1.0
223,8,18.0,Incongruent,18_0.388_0.694.png,1.2358508110046387,0.382,0.688,,,,5.987588882446289,147.35487365722656,1.0,0.8640210628509521,hidden,149.21890258789062,2.0,1.123567819595337,fixation,1.0
224,8,1.0,Medium,1_0.571_0.020.png,1.3635958433151245,0.577,0.029,,,,6.189026176929474,154.5783233642578,1.0,0.9575161337852478,hidden,156.5358428955078,2.0,1.231510043144226,fixation,1.0
225,8,8.0,Congruent,8_0.653_0.551.png,1.261927843093872,0.662,0.545,,,,6.421066403388977,162.1309356689453,1.0,1.3564492464065552,hidden,164.48739624023438,2.0,1.0646171569824219,fixation,1.0
226,8,11.0,Congruent,11_0.224_0.510.png,1.3749446868896484,0.222,0.509,,,,6.3490190505981445,169.81393432617188,1.0,1.10964035987854,hidden,171.923583984375,2.0,1.2393786907196045,fixation,1.0
227,8,1.0,Medium,1_1.000_0.061.png,1.2813514471054077,1.0,0.068,,,,6.14518678188324,177.53790283203125,1.0,1.2279839515686035,hidden,179.76588439941406,2.0,0.9172028303146362,fixation,1.0
228,8,20.0,Medium,20_0.776_0.367.png,1.3745070695877075,0.777,0.36,,,,6.086840331554413,184.9644317626953,1.0,0.9037088751792908,hidden,186.86814880371094,2.0,1.183131456375122,fixation,1.0
229,8,9.0,Medium,9_0.061_0.224.png,1.3812183141708374,0.061,0.216,,,,6.192937910556793,192.42578125,1.0,1.216434359550476,hidden,194.64222717285156,2.0,0.9765035510063171,fixation,1.0
230,8,20.0,Medium,20_0.918_0.531.png,1.2706340551376343,0.919,0.529,,,,6.647930979728699,199.99993896484375,1.0,1.2673754692077637,hidden,202.26731872558594,2.0,1.380555510520935,fixation,1.0
231,8,,Fixation,,1.2619754076004028,,,fixation,5.0,run_end,1.6958277821540833,207.9185028076172,0.0,0.9391391277313232,hidden,208.85765075683594,0.0,0.75668865442276,fixation,0.0
